2021-10-26 15:23:47：
[[0.8417499840794752, 0.7374085234610417, 0.7274905324986476, 0.7800670527278268, 0.8349514563106796, 0.8181818181818182, 0.7781696305745229, 0.7125339102167363]]
均值：[array([0.84174998, 0.73740852, 0.72749053, 0.78006705, 0.83495146,
       0.81818182, 0.77816963, 0.71253391])]
平均QWK：0.7788191135063436

2021-10-27 01:38:20：
[[0.6326180634948553]]
均值：[array([0.63261806])]
平均QWK：0.6326180634948553

2021-10-27 03:58:57：
[[0.6700128755963295]]
均值：[array([0.67001288])]
平均QWK：0.6700128755963295

2021-10-28 07:28:56：
[[0.777980631344877, 0.49233599019006735, 0.7303865685563271, 0.7923403169743933, 0.8136794396374125, 0.8249935182784548, 0.7772264798089039, 0.6677630828310355]]
均值：[array([0.77798063, 0.49233599, 0.73038657, 0.79234032, 0.81367944,
       0.82499352, 0.77722648, 0.66776308])]
平均QWK：0.734588253452684

2021-10-30 20:05:16：bert_hiddenState
[[0.8463114358052608, 0.7066280333212605, 0.726588952932358, 0.7998005258862998, 0.8053710079342506, 0.8188976377952756, 0.7768076767808472, 0.6798811361553141]]
均值：[array([0.84631144, 0.70662803, 0.72658895, 0.79980053, 0.80537101,
       0.81889764, 0.77680768, 0.67988114])]
平均QWK：0.7700358008263584

2021-10-31 16:26:58：freeze，冻结全部参数:
[[0.8543919593688475, 0.7634963809875064, 0.7307876123112216, 0.8086926165124804, 0.807659264652348, 0.8110758580905683, 0.789551434495847, 0.7325175507201417]]
均值：[array([0.85439196, 0.76349638, 0.73078761, 0.80869262, 0.80765926,
       0.81107586, 0.78955143, 0.73251755])]
平均QWK：0.7872715846423701

2021-10-31 18:13:05：freeze，冻结embedding层:
[[0.8398981729271182, 0.7156221232552932, 0.731585518102372, 0.8052343274497871, 0.8037145269173324, 0.7807394668959587, 0.7670218641807333, 0.7046205624687452]]
均值：[array([0.83989817, 0.71562212, 0.73158552, 0.80523433, 0.80371453,
       0.78073947, 0.76702186, 0.70462056])]
平均QWK：0.7685545702746676

2021-10-31 19:47:52：freeze，冻结embedding层+encoder前四层:
[[0.8438430194869623, 0.7427430880686018, 0.7342537099567639, 0.8297403907898357, 0.7999569005325863, 0.8115942028985508, 0.7684553073488561, 0.6997513080838242]]
均值：[array([0.84384302, 0.74274309, 0.73425371, 0.82974039, 0.7999569 ,
       0.8115942 , 0.76845531, 0.69975131])]
平均QWK：0.7787922408957476

2021-10-31 21:07:35：freeze，冻结embedding层+encoder前八层:
[[0.8551750617935735, 0.7217322028111306, 0.7323273822862977, 0.8067598017124831, 0.8096676737160121, 0.8020954598370198, 0.77030078006147, 0.693451604064354]]
均值：[array([0.85517506, 0.7217322 , 0.73232738, 0.8067598 , 0.80966767,
       0.80209546, 0.77030078, 0.6934516 ])]
平均QWK：0.7739387457852926

2021-11-01 14:58:57：ernie，ernie:
[[0.8451444807300078, 0.7036744369814303, 0.7379325848309625, 0.8138212826434535, 0.8020286441838023, 0.8086589229144667, 0.7920703032618385, 0.6853565445849767]]
均值：[array([0.84514448, 0.70367444, 0.73793258, 0.81382128, 0.80202864,
       0.80865892, 0.7920703 , 0.68535654])]
平均QWK：0.7735859000163674

2021-11-05 20:23:30：freeze，消融实验:冻结emb+encode10
[[0.8510203011068562, 0.7083803819529677, 0.7339420929855418, 0.7773191435903878, 0.816670462309269, 0.7975460122699387, 0.7986342479176874, 0.712748789671867]]
均值：[array([0.8510203 , 0.70838038, 0.73394209, 0.77731914, 0.81667046,
       0.79754601, 0.79863425, 0.71274879])]
平均QWK：0.7745326789755644

2021-11-05 22:32:29：freeze，消融实验:冻结emb+encode11
[[0.8523834869099497, 0.7155605131065255, 0.7381380517394327, 0.8133682089710509, 0.802064631956912, 0.8277762468999725, 0.8105446906440312, 0.7360742143769174]]
均值：[array([0.85238349, 0.71556051, 0.73813805, 0.81336821, 0.80206463,
       0.82777625, 0.81054469, 0.73607421])]
平均QWK：0.786988755575599

2021-11-05 23:54:43：freeze，消融实验:冻结emb+encode12
[[0.8543919593688475, 0.7634963809875064, 0.7307876123112216, 0.786735843260402, 0.807659264652348, 0.8110758580905683, 0.789551434495847, 0.7170128441889903]]
均值：[array([0.85439196, 0.76349638, 0.73078761, 0.78673584, 0.80765926,
       0.81107586, 0.78955143, 0.71701284])]
平均QWK：0.7825888996694663

2021-11-14 02:51:28：only_input，消融实验:只把BERT输入网络
[[0.8566209137737126, 0.7738332668528122, 0.7208915591556473, 0.8263608551619268, 0.80506573060775, 0.8457792207792207, 0.8148803261107131, 0.7187014728983405]]
均值：[array([0.85662091, 0.77383327, 0.72089156, 0.82636086, 0.80506573,
       0.84577922, 0.81488033, 0.71870147])]
平均QWK：0.7952666681675155

2021-11-14 03:12:41：only_input，消融实验:只把随机初始化的embedding输入网络
[[0.8438785919055187, 0.7266253158741098, 0.7359241426746586, 0.7945971921875536, 0.8090108587209555, 0.812096300645919, 0.7620159834070948, 0.7174953664444951]]
均值：[array([0.84387859, 0.72662532, 0.73592414, 0.79459719, 0.80901086,
       0.8120963 , 0.76201598, 0.71749537])]
平均QWK：0.7752054689825382

2021-11-14 14:58:23：only_input，消融实验:只用self_training(维度降低：100)
[[0.8545213875138261, 0.7199836784657758, 0.724267063380101, 0.7872224492575943, 0.8039767343547283, 0.8118494795836669, 0.7651983940741949, 0.690346715823145]]
均值：[array([0.85452139, 0.71998368, 0.72426706, 0.78722245, 0.80397673,
       0.81184948, 0.76519839, 0.69034672])]
平均QWK：0.7696707378066291

2021-11-14 15:09:34：only_input，消融实验:只用self_training(维度降低：50)
[[0.8508019499334407, 0.7261507752975829, 0.7227842130090676, 0.7918463893140393, 0.8072944780800934, 0.812206572769953, 0.7654058517745356, 0.6906783523345826]]
均值：[array([0.85080195, 0.72615078, 0.72278421, 0.79184639, 0.80729448,
       0.81220657, 0.76540585, 0.69067835])]
平均QWK：0.7708960728141618

2021-11-14 17:25:16：only_input，消融实验:只用BERT(全冻结)
[[0.8528237570248441, 0.7578167789869741, 0.7450213837798126, 0.7515127067365873, 0.8172151898734177, 0.8168331819557978, 0.8050601630351597, 0.7385605846652178]]
均值：[array([0.85282376, 0.75781678, 0.74502138, 0.75151271, 0.81721519,
       0.81683318, 0.80506016, 0.73856058])]
平均QWK：0.7856054682572264

2021-11-18 15:44:23：test，金字塔模型
[[0.831787518715198, 0.7384349802241985, 0.740924228338766, 0.8258274076024932, 0.8110335386721423, 0.8422897196261683, 0.793045609701985, 0.6874372090833601]]
均值：[array([0.83178752, 0.73843498, 0.74092423, 0.82582741, 0.81103354,
       0.84228972, 0.79304561, 0.68743721])]
平均QWK：0.7838475264955389

2021-11-19 03:22:22：test，2.7模型
[[0.831787518715198, 0.738516255071883, 0.740924228338766, 0.825149914973597, 0.8054075389776989, 0.8422897196261683, 0.7986247752785132, 0.6943567340220125]]
均值：[array([0.83178752, 0.73851626, 0.74092423, 0.82514991, 0.80540754,
       0.84228972, 0.79862478, 0.69435673])]
平均QWK：0.7846320856254796

2021-11-20 05:32:23：test，2.7模型+激活函数换成swish,加入门控（在双池化之后）
[[0.8506692389951025, 0.7338287707590809, 0.7463843800302274, 0.8333677046813777, 0.8115710617007971, 0.8396017699115045, 0.8079152245790995, 0.7374202787685794]]
均值：[array([0.85066924, 0.73382877, 0.74638438, 0.8333677 , 0.81157106,
       0.83960177, 0.80791522, 0.73742028])]
平均QWK：0.795094803678221


2021-11-20 21:46:05：test，2.7模型+激活函数换成swish,加入门控（先门控，再双池化，bert作为初始化偏置）
[[0.8448902134430655, 0.7185073339085417, 0.7332323775096478, 0.8298513081121777, 0.8116041247700141, 0.8396202206825762, 0.8211356146285516, 0.7393738467769762]]
均值：[array([0.84489021, 0.71850733, 0.73323238, 0.82985131, 0.81160412,
       0.83962022, 0.82113561, 0.73937385])]
平均QWK：0.7922768799789438

2021-11-21 06:03:38：test，2.7模型+激活函数换成swish,加入门控（先门控，再双池化，self_embedding作为初始化偏置）
[[0.8455822480166284, 0.7439511392999765, 0.7451882794380154, 0.82752810920469, 0.8174794522837527, 0.84472049689441, 0.8400153905348211, 0.7513580875319226]]
均值：[array([0.84558225, 0.74395114, 0.74518828, 0.82752811, 0.81747945,
       0.8447205 , 0.84001539, 0.75135809])]
平均QWK：0.8019779004005271

2021-11-21 16:45:09：Ablation_experiment，2.7模型+激活函数换成swish,加入门控（先门控，再双池化，self_embedding作为初始化偏置）
[[0.7109648731461289]]
均值：[array([0.71096487])]
平均QWK：0.7109648731461289

2021-11-23 10:22:00：Ablation_experiment，全部训练
[[0.8355831116679117, 0.7280461159406815, 0.7314303141201586, 0.7627755263418009, 0.8056969580549115, 0.7820895522388059, 0.7685573446401165, 0.6981126767002708]]
均值：[array([0.83558311, 0.72804612, 0.73143031, 0.76277553, 0.80569696,
       0.78208955, 0.76855734, 0.69811268])]
平均QWK：0.7640364499630822

2021-11-24 07:24:48：Ablation_experiment，冻结emb+encoder11
[[0.833285272914521, 0.7307842372220055, 0.7326565554759505, 0.7927090779127948, 0.8104679503322989, 0.8078590002889339, 0.7828478873670207, 0.7346202344317001]]
均值：[array([0.83328527, 0.73078424, 0.73265656, 0.79270908, 0.81046795,
       0.807859  , 0.78284789, 0.73462023])]
平均QWK：0.7781537769931531

